         650
  1.000000000000000E-002  1.000000000000000E-002  1.000000000000000E-002
  0.300000000000000       0.300000000000000       0.300000000000000     
  0.400000000000000       0.400000000000000       0.400000000000000     
  0.300000000000000       0.300000000000000       0.300000000000000     
  0.400000000000000       0.400000000000000       0.400000000000000     
   9.60000000000000        9.60000000000000        9.60000000000000     
   3.14150000000000        3.14150000000000        3.14150000000000     
  0.300000000000000       0.300000000000000       0.300000000000000     
  0.400000000000000       0.400000000000000       0.400000000000000     
  0.300000000000000       0.300000000000000       0.300000000000000     
  0.400000000000000       0.400000000000000       0.400000000000000     
   9.60000000000000        9.60000000000000        9.60000000000000     
   3.14150000000000        3.14150000000000        3.14150000000000     
  0.100000000000000       0.100000000000000     
  0.100000000000000       0.100000000000000     
  0.100000000000000       0.100000000000000     
   3800.00000000000        3800.00000000000        3800.00000000000     
   28.1406000000000        29.6788000000000        37.4400000000000     
   359999.999999685        359999.999999685        359999.999999685     
   161.162195948871        161.162195948871        161.162195948871     
         100
           2
           6           4
           1           1           1           1           1           1
           1           1           1           1           1           1
           1           1           1           1           1           1
           1           1           1           1           1           1
           1           1           1           1           1           1
           1           1           1           1           1           1
           1           1           1           1           1           1
           1           1           1           1           1           1
           1           1           2           2           2           2
           2           2           2           2           2           2
           2           2           2           2           2           2
           2           2           2           2           2           2
           2           2           2           2           2           2
           2           2           2           2           2           2
           2           2           2           2           2           2
           2           2           2           2           2           2
           2           2           2           2
           2           2           2           2           2           2
           2           2           2           2           2           2
           2           2           2           2           2           2
           2           2           2           2           2           2
           2           2           2           2           2           2
           2           2           2           2           2           2
           2           2           2           2           2           2
           2           2           2           2           2           2
           2           2           3           3           3           3
           1           3           3           1           3           3
           3           3           3           3           3           3
           3           1           3           3           3           1
           3           3           3           3           1           3
           1           3           1           3           3           3
           1           1           3           3           3           3
           3           1           3           3           3           3
           3           3           3           3
   292537.948553859        45080.3700829405        41.6267838914044     
 -0.380000000000000     
   292536.887268343        45079.7054406231        40.9786915811577     
  0.190000000000000     
   292537.009142296        45078.1931114651        41.2425234548124     
  0.190000000000000     
   292538.182896941        45077.7056047873        40.6320013242601     
 -0.380000000000000     
   292539.291435963        45078.3633777365        41.2034695939274     
  0.190000000000000     
   292539.145978774        45079.8895858569        41.0581046081065     
  0.190000000000000     
   269978.521851092        39.7798532566846        359991.970273363     
 -0.380000000000000     
   269979.811776217        39.2109698303289        359991.946507444     
  0.190000000000000     
   269980.719482845        40.1430617898476        359991.122569790     
  0.190000000000000     
   269980.244804982        40.1738374653328        359989.795228921     
 -0.380000000000000     
   269978.900783717        40.5732714333971        359989.646368770     
  0.190000000000000     
   269978.082213741        39.7187787630967        359990.631957666     
  0.190000000000000     
   247558.031664617        314985.225685783        85.4508802063012     
 -0.380000000000000     
   247556.931586937        314985.877530158        86.0450418079762     
  0.190000000000000     
   247556.868760365        314987.336750693        85.5568530630888     
  0.190000000000000     
   247558.109371079        314987.976615904        85.7557439120232     
 -0.380000000000000     
   247559.183542652        314987.248461542        85.2043396532691     
  0.190000000000000     
   247559.278680297        314985.811656876        85.7503627116306     
  0.190000000000000     
   224957.664098366        269920.695250676        359964.002450360     
 -0.380000000000000     
   224958.806267980        269919.959124818        359963.626063199     
  0.190000000000000     
   224960.097867610        269920.571678207        359964.198905885     
  0.190000000000000     
   224960.090739877        269920.768923141        359965.595023227     
 -0.380000000000000     
   224958.942708732        269921.496293522        359965.970598545     
  0.190000000000000     
   224957.738432906        269920.716927954        359965.410322680     
  0.190000000000000     
   247518.393488442        225019.957929763        359996.036651472     
 -0.380000000000000     
   247518.580679020        225018.749800843        359996.739135779     
  0.190000000000000     
   247519.939673261        225018.626369706        359997.452928051     
  0.190000000000000     
   247520.140748750        225019.774827622        359998.245842335     
 -0.380000000000000     
   247519.938401450        225020.983913752        359997.549231756     
  0.190000000000000     
   247518.562397065        225021.086160783        359996.865303778     
  0.190000000000000     
   224924.271400178        180028.788701597        48.8688211518659     
 -0.380000000000000     
   224924.243233435        180030.040664206        48.2208271253492     
  0.190000000000000     
   224924.530955658        180031.197775649        49.1954598924656     
  0.190000000000000     
   224925.804485548        180031.005093139        49.7691279767975     
 -0.380000000000000     
   224926.035754117        180029.727712731        50.3195043407015     
  0.190000000000000     
   224925.617302677        180028.677216633        49.2740588191744     
  0.190000000000000     
   247474.888673585        134949.354618032        359987.499471655     
 -0.380000000000000     
   247475.841707735        134949.074486829        359986.498795675     
  0.190000000000000     
   247476.937087723        134948.098129098        359986.966201561     
  0.190000000000000     
   247477.632333157        134948.555703142        359988.104340296     
 -0.380000000000000     
   247476.673478137        134948.790202299        359989.111170568     
  0.190000000000000     
   247475.632769908        134949.807774145        359988.608106040     
  0.190000000000000     
   225037.523856619        90049.6214637590        359954.896861380     
 -0.380000000000000     
   225036.269518717        90050.2437293006        359955.062759010     
  0.190000000000000     
   225036.014853006        90051.4239151075        359954.106774263     
  0.190000000000000     
   225037.146486028        90052.2627605265        359954.044765657     
 -0.380000000000000     
   225038.323842204        90051.5714672293        359953.692563994     
  0.190000000000000     
   225038.611366567        90050.5099934683        359954.770619278     
  0.190000000000000     
   247497.432471556        44999.7181233543        359997.006360852     
 -0.380000000000000     
   247497.200818614        45001.0419281115        359997.432949505     
  0.190000000000000     
   247496.740148912        45001.8089047626        359996.179502162     
  0.190000000000000     
   247497.691316896        45001.8966145707        359995.142349108     
 -0.380000000000000     
   247498.143890997        45000.5887682608        359994.872507093     
  0.190000000000000     
   247498.511499483        44999.7328745243        359996.098847141     
  0.190000000000000     
   225013.187961090        1.26394127325100        359991.274788517     
 -0.380000000000000     
   225013.751692979        1.98247250270623        359992.349041387     
  0.190000000000000     
   225013.107865290        3.38136283850218        359992.362888224     
  0.190000000000000     
   225011.699591637        3.43812750762596        359992.403423272     
 -0.380000000000000     
   225011.130560910        2.55909368583152        359991.459175650     
  0.190000000000000     
   225011.804546740        1.17637356500596        359991.532851753     
  0.190000000000000     
   202492.810145686        314989.447709133        359960.412151652     
 -0.380000000000000     
   202492.574533924        314988.834163485        359961.659608599     
  0.190000000000000     
   202493.920817379        314988.288600937        359962.170962064     
  0.190000000000000     
   202494.965823541        314989.233801968        359962.119414688     
 -0.380000000000000     
   202495.115614166        314989.868204277        359960.869136127     
  0.190000000000000     
   202493.798665347        314990.449069032        359960.321557873     
  0.190000000000000     
   179987.641141104        270019.117651273        66.2206595537820     
 -0.380000000000000     
   179987.555745605        270020.498882320        65.9504588774545     
  0.190000000000000     
   179986.110420598        270020.959626149        65.6852217283887     
  0.190000000000000     
   179985.585355434        270020.131629518        64.6718964331326     
 -0.380000000000000     
   179985.652151472        270018.750568509        64.9481368672709     
  0.190000000000000     
   179987.093892756        270018.284515043        65.2234117078143     
  0.190000000000000     
   202493.363909963        224974.081274525        48.4743099278504     
 -0.380000000000000     
   202494.326350740        224973.125202439        48.0899482286673     
  0.190000000000000     
   202494.872705492        224973.339727700        46.6661942478854     
  0.190000000000000     
   202495.252881831        224974.670128647        46.3949023908834     
 -0.380000000000000     
   202494.146002058        224975.522497302        46.5856505079896     
  0.190000000000000     
   202493.668783021        224975.388850424        48.0437316109318     
  0.190000000000000     
   179975.936363985        179969.421325776        359986.615625324     
 -0.380000000000000     
   179975.647248756        179968.195528919        359987.249608328     
  0.190000000000000     
   179974.722337301        179968.313038503        359988.475304170     
  0.190000000000000     
   179973.488664534        179968.868649887        359988.078507631     
 -0.380000000000000     
   179973.684386157        179970.066886734        359987.361554701     
  0.190000000000000     
   179974.697432324        179969.956244963        359986.206956996     
  0.190000000000000     
   202551.020304301        134967.050015573        359975.414671888     
 -0.380000000000000     
   202550.579512080        134967.236914649        359974.088447565     
  0.190000000000000     
   202549.982140179        134968.636403228        359973.851427462     
  0.190000000000000     
   202548.887639148        134968.822153920        359974.720716927     
 -0.380000000000000     
   202549.392949951        134968.734937610        359976.034168224     
  0.190000000000000     
   202549.936506295        134967.314647598        359976.276908382     
  0.190000000000000     
   180031.362138512        90029.3926346942        359984.454732944     
 -0.380000000000000     
   180031.390137473        90030.7849467569        359984.233863802     
  0.190000000000000     
   180031.007829962        90031.5366180806        359985.522440997     
  0.190000000000000     
   180029.767928346        90031.0263971612        359985.958810790     
 -0.380000000000000     
   180029.801275167        90029.6443672372        359986.236265793     
  0.190000000000000     
   180030.152097406        90028.8679982058        359984.953388213     
  0.190000000000000     
   202425.106219479        45027.0864920480        359959.350682517     
 -0.380000000000000     
   202425.677877600        45026.0317215951        359960.091470128     
  0.190000000000000     
   202425.604473781        45024.7504825242        359959.240213220     
  0.190000000000000     
   202426.271925681        45024.8823291750        359958.005213454     
 -0.380000000000000     
   202425.691953316        45025.9454429733        359957.283049270     
  0.190000000000000     
   202425.836695902        45027.2093405954        359958.150927364     
  0.190000000000000     
   179992.545931137        359960.239235351        359920.656775857     
 -0.380000000000000     
   179993.074179597        359960.899011226        359921.785380907     
  0.190000000000000     
   179994.226933920        359960.084161142        359922.400829372     
  0.190000000000000     
   179993.764228208        359958.784298338        359922.691277495     
 -0.380000000000000     
   179993.353122077        359958.130251817        359921.511737374     
  0.190000000000000     
   179992.135422142        359958.945266201        359921.037861418     
  0.190000000000000     
   157491.278216391        314951.775398190        359930.030274916     
 -0.380000000000000     
   157492.284607122        314952.644100348        359929.560557707     
  0.190000000000000     
   157492.661792227        314953.642834378        359930.670450375     
  0.190000000000000     
   157493.177604809        314952.905211144        359931.755784122     
 -0.380000000000000     
   157492.152025279        314952.073444320        359932.250203558     
  0.190000000000000     
   157491.764317602        314951.068715764        359931.149384188     
  0.190000000000000     
   134986.721438839        269963.368296321        19.4417257639242     
 -0.380000000000000     
   134986.741580458        269964.606411235        20.1160890011991     
  0.190000000000000     
   134985.527237975        269964.636390180        21.0627006417190     
  0.190000000000000     
   134985.654601950        269963.658119999        22.0701061560058     
 -0.380000000000000     
   134985.614567096        269962.374439166        21.4881605136566     
  0.190000000000000     
   134986.773176172        269962.409495970        20.4742591224297     
  0.190000000000000     
   157485.802351715        225013.381426380        51.2816781431566     
 -0.380000000000000     
   157486.491000235        225014.611442597        51.3120643241623     
  0.190000000000000     
   157487.981766020        225014.449125004        50.9615356164925     
  0.190000000000000     
   157488.555896235        225013.565049725        51.8979572077787     
 -0.380000000000000     
   157487.859339764        225012.341434718        51.8226219609839     
  0.190000000000000     
   157486.387304602        225012.524444212        52.2364093530752     
  0.190000000000000     
   135012.102558634        179966.739739423        359999.333177246     
 -0.380000000000000     
   135012.356600873        179965.836279471        359998.280883249     
  0.190000000000000     
   135013.857048884        179965.707047931        359997.959083660     
  0.190000000000000     
   135014.626678652        179965.236570274        359999.042790628     
 -0.380000000000000     
   135014.470321373        179966.180214293        360000.078738680     
  0.190000000000000     
   135012.978088384        179966.404368102        360000.386302943     
  0.190000000000000     
   157538.088097117        135035.157972946        59.6940855366852     
 -0.380000000000000     
   157537.023604011        135034.286992552        60.0044846038499     
  0.190000000000000     
   157537.329584606        135033.406167608        61.2300959999437     
  0.190000000000000     
   157537.654460835        135034.170868856        62.3693007384147     
 -0.380000000000000     
   157538.830642415        135034.887565322        62.0675672995695     
  0.190000000000000     
   157538.637448061        135035.785131303        60.8311809310140     
  0.190000000000000     
   135038.491425835        90002.4797296028        45.7792671981389     
 -0.380000000000000     
   135037.439636946        90003.2925645433        46.2495219096405     
  0.190000000000000     
   135037.286225483        90004.6510171919        45.5405287330991     
  0.190000000000000     
   135038.548169666        90005.2794429871        45.5665652580254     
 -0.380000000000000     
   135039.599426344        90004.4934195716        45.0516608136237     
  0.190000000000000     
   135039.733581282        90003.1468825026        45.7868073122346     
  0.190000000000000     
   157468.862251476        44988.3726082963        55.4105935819491     
 -0.380000000000000     
   157469.758976336        44988.5086351776        54.3310190306290     
  0.190000000000000     
   157470.780968241        44989.6217100912        54.6279984621454     
  0.190000000000000     
   157471.469182762        44989.2087088544        55.7872614834318     
 -0.380000000000000     
   157470.627684963        44988.9613153862        56.8912442397603     
  0.190000000000000     
   157469.635750703        44987.8603137836        56.4723625200558     
  0.190000000000000     
   134949.275828550        7.36351518649365        42.3555924273711     
 -0.380000000000000     
   134948.995483073        8.21524400215114        41.2674451770648     
  0.190000000000000     
   134950.015081050        7.99003716953251        40.1354991324617     
  0.190000000000000     
   134951.307602440        8.33677781166307        40.5796380561489     
 -0.380000000000000     
   134951.640866807        7.56459979907228        41.7113517913321     
  0.190000000000000     
   134950.574410655        7.65971081213062        42.8182506892527     
  0.190000000000000     
   112545.400883081        314993.937265037        26.2781045510785     
 -0.380000000000000     
   112544.234446132        314993.530471259        26.9578424899481     
  0.190000000000000     
   112544.177112709        314992.000698347        26.7901889316568     
  0.190000000000000     
   112544.352784798        314991.471376918        25.4951761355944     
 -0.380000000000000     
   112545.537875752        314992.024420479        24.9681066443303     
  0.190000000000000     
   112545.441398293        314993.560640522        24.9199394315926     
  0.190000000000000     
   90015.8423170491        269960.798619453        41.5686989732718     
 -0.380000000000000     
   90015.5235056620        269959.504096475        41.1097114359296     
  0.190000000000000     
   90015.9395157655        269959.354883063        39.6344924856449     
  0.190000000000000     
   90015.2274414510        269960.307717220        38.8774209963732     
 -0.380000000000000     
   90015.6188021618        269961.591725435        39.3089991441901     
  0.190000000000000     
   90015.1505218833        269961.731687100        40.7693841321681     
  0.190000000000000     
   53543.9957804720        181236.134529024        226830.864334997     
 -0.380000000000000     
   53542.6561319186        181236.572732186        226830.826655525     
  0.190000000000000     
   53542.3497698817        181237.800424476        226829.948866289     
  0.190000000000000     
   53543.2190431335        181238.852556410        226830.303101251     
 -0.380000000000000     
   53544.5777012523        181238.475666086        226830.293011658     
  0.190000000000000     
   53544.7666685362        181237.260355686        226831.219786711     
  0.190000000000000     
   90016.1528643302        180016.565304036      -8.306136643448771E-002
 -0.380000000000000     
   90014.9669538583        180016.053025104       0.481993187135799     
  0.190000000000000     
   90014.8175575174        180014.597685853       1.089457268014009E-003
  0.190000000000000     
   90015.9237535832        180013.798748194       0.356235736930712     
 -0.380000000000000     
   90017.1613439303        180014.297976229      -9.900211418056221E-002
  0.190000000000000     
   90017.2731596722        180015.787650727       0.275119700554086     
  0.190000000000000     
   112496.495703174        135043.516509863        38.4475957084145     
 -0.380000000000000     
   112495.632045508        135043.014501668        37.4525162097859     
  0.190000000000000     
   112495.647625510        135044.063557974        36.3252016443923     
  0.190000000000000     
   112496.941567618        135044.066619188        35.7650191284358     
 -0.380000000000000     
   112497.886048760        135044.440233278        36.7430108894580     
  0.190000000000000     
   112497.816334338        135043.491703659        37.9542216318363     
  0.190000000000000     
   89996.4440065772        90006.2730014263        359987.461134018     
 -0.380000000000000     
   89996.8779488116        90005.3761099892        359988.458821287     
  0.190000000000000     
   89998.2791584280        90004.7674184786        359988.264640299     
  0.190000000000000     
   89998.4001340677        90004.2987857143        359986.940310949     
 -0.380000000000000     
   89997.9063495077        90005.2229224731        359985.996781374     
  0.190000000000000     
   89996.4298939413        90005.5973878768        359986.223617486     
  0.190000000000000     
   112525.987749233        45022.4710930321        86.7295440011824     
 -0.380000000000000     
   112525.302961662        45022.2550737147        85.5160772166922     
  0.190000000000000     
   112526.138088029        45021.3730274088        84.5694208552021     
  0.190000000000000     
   112526.351086370        45020.1376926306        85.2149281690963     
 -0.380000000000000     
   112527.051125496        45020.3013204646        86.4278878362992     
  0.190000000000000     
   112526.347739822        45021.2778131664        87.3887783588511     
  0.190000000000000     
   90021.5148712954        359973.152848605        359981.213771206     
 -0.380000000000000     
   90020.4923907555        359974.118656940        359981.313007314     
  0.190000000000000     
   90019.0951464134        359973.518227695        359981.555479932     
  0.190000000000000     
   90018.8095171310        359972.414891565        359980.725320130     
 -0.380000000000000     
   90019.8755691731        359971.504909648        359980.571808064     
  0.190000000000000     
   90021.1211213570        359972.308962940        359980.155037070     
  0.190000000000000     
   67562.3446279203        314964.417716702        35.0327488299705     
 -0.380000000000000     
   67561.6225751029        314964.632630336        33.8408797690274     
  0.190000000000000     
   67561.2645178305        314966.125729088        33.7223424041817     
  0.190000000000000     
   67560.5800704202        314966.628323362        34.8479670034457     
 -0.380000000000000     
   67561.3364045847        314966.356270393        36.0064340136303     
  0.190000000000000     
   67561.5218458204        314964.830394142        36.1008438380863     
  0.190000000000000     
   44988.3902738874        269944.255213333        359951.504534264     
 -0.380000000000000     
   44989.0905746576        269943.088970102        359951.133649435     
  0.190000000000000     
   44989.9904719503        269942.582314072        359952.276052398     
  0.190000000000000     
   44989.2181022802        269942.321064398        359953.426397434     
 -0.380000000000000     
   44988.5697325720        269943.507957293        359953.825147955     
  0.190000000000000     
   44987.6752755045        269944.072906601        359952.706050625     
  0.190000000000000     
   67523.6432304538        224946.450044076        25.3013040157751     
 -0.380000000000000     
   67522.8596976333        224945.581434645        26.0885104541048     
  0.190000000000000     
   67523.3235258039        224944.121982570        26.2511851886559     
  0.190000000000000     
   67523.4829324421        224943.537968196        24.9777580278712     
 -0.380000000000000     
   67524.3714036186        224944.372295475        24.2688031917908     
  0.190000000000000     
   67523.9013751368        224945.824486337        24.0643162074508     
  0.190000000000000     
   44969.1970060857        179972.198649734        4.35625289590771     
 -0.380000000000000     
   44970.0790723120        179971.300525732        3.72108957078005     
  0.190000000000000     
   44971.5516242600        179971.420466946        4.15560638951307     
  0.190000000000000     
   44971.5874652922        179971.399549394        5.56499557510291     
 -0.380000000000000     
   44970.6567921758        179972.222255739        6.23215509263902     
  0.190000000000000     
   44969.2308353543        179971.916624058        5.73734561507808     
  0.190000000000000     
   67419.0943554546        135018.487960648        359973.562580886     
 -0.380000000000000     
   67419.8762148469        135018.822099541        359972.437793310     
  0.190000000000000     
   67419.7352619106        135017.615399565        359971.491427929     
  0.190000000000000     
   67420.2484017388        135016.456024451        359972.108385676     
 -0.380000000000000     
   67419.5144767791        135016.252268986        359973.294951251     
  0.190000000000000     
   67419.6503381045        135017.417470297        359974.292672457     
  0.190000000000000     
   44990.3263159372        89978.4233825950        359991.323991535     
 -0.380000000000000     
   44991.5520408792        89978.7347750856        359990.700506906     
  0.190000000000000     
   44991.3144253075        89979.8548106463        359989.670623814     
  0.190000000000000     
   44990.3578151953        89979.4767966318        359988.706205596     
 -0.380000000000000     
   44989.1416401447        89979.0394655143        359989.269907415     
  0.190000000000000     
   44989.4288285612        89977.9668571154        359990.336975377     
  0.190000000000000     
   67547.3813627630        45000.3102127490        30.2133411403881     
 -0.380000000000000     
   67548.7509756788        45000.2216317252        30.5364724808339     
  0.190000000000000     
   67549.0560384999        44998.7151575086        30.6317201057259     
  0.190000000000000     
   67548.3051723196        44997.9426084249        31.5413727276256     
 -0.380000000000000     
   67546.9579211569        44998.1368146064        31.1735436046065     
  0.190000000000000     
   67546.5721182244        44999.6274223464        31.1444805192433     
  0.190000000000000     
   44990.0827339006        7.56681841698418        20.4729881485595     
 -0.380000000000000     
   44989.9429924687        7.88517177397356        21.8394520054952     
  0.190000000000000     
   44990.0372205607        6.62255697426048        22.7161075446002     
  0.190000000000000     
   44991.3939665247        6.24850549673264        22.6299339909284     
 -0.380000000000000     
   44991.5713694127        5.92380051030365        21.2693477617175     
  0.190000000000000     
   44991.3643487991        7.03472089895006        20.2231172155833     
  0.190000000000000     
   22546.3876410294        315049.810539068        7.76540805114236     
 -0.380000000000000     
   22545.5540088167        315050.419904886        8.72552816544374     
  0.190000000000000     
   22544.6998142782        315051.555202228        8.13134668195943     
  0.190000000000000     
   22543.9365270856        315050.939868027        7.11800740890192     
 -0.380000000000000     
   22544.7745032749        315050.372326573        6.13627801399557     
  0.190000000000000     
   22545.6133549191        315049.230474232        6.73968596123525     
  0.190000000000000     
   359989.925291081        270040.210048192        2.31521429119025     
 -0.380000000000000     
   359990.345638507        270041.550553680        2.19499333833834     
  0.190000000000000     
   359989.438967570        270042.273075886        1.18133191966743     
  0.190000000000000     
   359988.056568854        270042.176993162        1.44179669802066     
 -0.380000000000000     
   359987.669882492        270040.834547631        1.63262031142138     
  0.190000000000000     
   359988.561925530        270040.116855369        2.66256061834152     
  0.190000000000000     
   22486.5588450041        225073.575682241        359978.632534203     
 -0.380000000000000     
   22486.2793359020        225073.849049955        359977.277822147     
  0.190000000000000     
   22486.1303958668        225072.492464737        359976.564314324     
  0.190000000000000     
   22487.2829892458        225071.701645799        359976.749338405     
 -0.380000000000000     
   22487.6457577040        225071.534195261        359978.101543775     
  0.190000000000000     
   22487.7373859920        225072.848763201        359978.898485044     
  0.190000000000000     
   7.94898071227017        179997.987208781        37.9772745665545     
 -0.380000000000000     
   9.28148080304420        179998.023424887        38.4368742855054     
  0.190000000000000     
   9.54710564926641        179999.375117606        39.1253292473904     
  0.190000000000000     
   8.69341655574664        179999.586228822        40.2274848562840     
 -0.380000000000000     
   7.35090068596876        179999.572131006        39.7967269300872     
  0.190000000000000     
   7.07983717019203        179998.249384870        39.0561411947117     
  0.190000000000000     
   22596.9480331599        135025.778391031       0.737965183086878     
 -0.380000000000000     
   22595.9997575748        135025.866907756        1.77769505373105     
  0.190000000000000     
   22595.0444336239        135024.661403635        1.85329904514427     
  0.190000000000000     
   22595.7943091339        135023.471312400        1.75598731712637     
 -0.380000000000000     
   22596.5134821089        135023.416927666       0.544404661007021     
  0.190000000000000     
   22597.5710696461        135024.535575102       0.502733158640762     
  0.190000000000000     
   359945.732985626        90004.9383881016        359990.342292028     
 -0.380000000000000     
   359946.826667980        90004.6122252289        359989.514296443     
  0.190000000000000     
   359946.979319206        90003.0801876204        359989.480261621     
  0.190000000000000     
   359947.072791405        90002.5468140188        359990.782135482     
 -0.380000000000000     
   359945.982449720        90002.9865485050        359991.560523940     
  0.190000000000000     
   359945.824262574        90004.5134476890        359991.683632464     
  0.190000000000000     
   22490.1042905047        45059.5320584753        359944.949302809     
 -0.380000000000000     
   22490.9129891049        45059.8133523331        359943.829043759     
  0.190000000000000     
   22491.7004293050        45061.1207434874        359944.034631456     
  0.190000000000000     
   22492.5066799381        45061.1762448082        359945.190044594     
 -0.380000000000000     
   22491.6985185306        45060.8341781659        359946.293659360     
  0.190000000000000     
   22490.9451857480        45059.5079787231        359946.080857207     
  0.190000000000000     
   14.0859656036322        50.9115239150946        359985.822200847     
 -0.380000000000000     
   15.4907988414160        51.0300795779600        359985.844294484     
  0.190000000000000     
   15.8673964771494        51.9132228891725        359987.048384229     
  0.190000000000000     
   15.1672573895401        53.1366140885076        359987.083301723     
 -0.380000000000000     
   13.7826786560961        52.8822280572387        359987.003743706     
  0.190000000000000     
   13.3942913786383        52.1354556537094        359985.714136673     
  0.190000000000000     
   34.3899715685938        52.1005488475306        16.7310672186908     
  0.000000000000000E+000
   33.8603505573890        52.8818386349931        16.8901789071284     
  0.520000000000000     
   34.1828226914411        51.8494185071782        15.8309274674585     
  0.520000000000000     
   34.2956557673592        52.1684159167823        16.6362063176365     
  -1.04000000000000     
   7.26723989086424        54.3501454304581        61.1183806199617     
  0.000000000000000E+000
   6.88783468253246        55.2171894202358        61.2616114985502     
  0.520000000000000     
   6.55836788354455        53.7409232979910        61.3247238957206     
  0.520000000000000     
   7.12792673599637        54.3831498670293        61.1631305031730     
  -1.04000000000000     
   53.6776774849107        63.0438948807233        49.2683203666437     
  0.000000000000000E+000
   54.0439143872821        62.8483240347788        50.1307884834212     
  0.520000000000000     
   54.3298299529441        62.7139288064175        48.6502198690355     
  0.520000000000000     
   53.8080441176352        62.9766195529789        49.2996024917163     
  -1.04000000000000     
   44.6092259739658        97.0189137264829        52.1869193060834     
  0.000000000000000E+000
   43.7528656756102        97.3466603898443        51.9122233997511     
  0.520000000000000     
   44.9143742127275        97.6563877393813        52.8324734185788     
  0.520000000000000     
   44.5386639058471        97.1424740984350        52.2343938153047     
  -1.04000000000000     
   21.3900768683516        13.5983263698696        28.9434773948255     
  0.000000000000000E+000
   21.2232644403322        12.6615689363563        28.8391327662307     
  0.520000000000000     
   20.9501967324709        14.0050405619390        28.1969402497839     
  0.520000000000000     
   21.3124125987188        13.5304741764026        28.8345538387688     
  -1.04000000000000     
   22.3776899640896        32.1745713439559        75.7913467846338     
  0.000000000000000E+000
   21.8056362399982        31.5996293549069        76.2997018995690     
  0.520000000000000     
   23.2237854314278        31.7270050379053        75.7853853470185     
  0.520000000000000     
   22.4127707498200        32.0436774371277        75.8556594865503     
  -1.04000000000000     
   10.8423543460747        8.57060680502647        125.274989086582     
  0.000000000000000E+000
   10.5307992240804        9.05730200958712        124.511909889698     
  0.520000000000000     
   11.0217664668824        9.24334149616374        125.931851327198     
  0.520000000000000     
   10.8254383819023        8.71902839678095        125.261391981850     
  -1.04000000000000     
   6.21849366886679        28.6633540107404        27.3117856580803     
  0.000000000000000E+000
   7.09658286250393        28.9530866738945        27.5592589471824     
  0.520000000000000     
   5.70080697462162        29.4677960305754        27.2785862571125     
  0.520000000000000     
   6.26462971627296        28.8034221155127        27.3392154075337     
  -1.04000000000000     
   46.7569622845071        5.49668106717645        104.575956921017     
  0.000000000000000E+000
   47.0714893193594        4.78550999459158        105.134112030969     
  0.520000000000000     
   47.5495287596846        5.86060423060310        104.181461052284     
  0.520000000000000     
   46.8986841614316        5.45222897257186        104.596907359829     
  -1.04000000000000     
   96.0389958256807        96.3739073068979        51.3804980140033     
  0.000000000000000E+000
   95.8878385789619        96.8489417797882        52.1976408492714     
  0.520000000000000     
   95.4715772282515        96.8068957190080        50.7427003602215     
  0.520000000000000     
   95.9470090906649        96.4901456430333        51.4034564502218     
  -1.04000000000000     
   46.6892706459985        56.3013440494110        136.406574838336     
  0.000000000000000E+000
   47.5285482775800        56.0262301416894        136.037584226253     
  0.520000000000000     
   46.9179454692223        56.9749785404482        137.047006782112     
  0.520000000000000     
   46.8259819761522        56.3523596904106        136.441322738720     
  -1.04000000000000     
   57.8358315807835        100.541491344987        60.6211900255929     
  0.000000000000000E+000
   57.2941326521789        100.418791016110        61.4007639970308     
  0.520000000000000     
   57.7126706419562        99.7387359805557        60.1145897049030     
  0.520000000000000     
   57.7507211655835        100.423021390393        60.6561340820653     
  -1.04000000000000     
   98.3301228462538        68.9163921936122        145.439102115764     
  0.000000000000000E+000
   98.4344192000912        68.5983932797257        146.335889514339     
  0.520000000000000     
   98.0838004644601        68.1400288358714        144.936296091651     
  0.520000000000000     
   98.3119417305018        68.7763000751378        145.489536681007     
  -1.04000000000000     
   29.1256062108876        6.68888807732627        152.422746551509     
  0.000000000000000E+000
   29.9946398369605        6.63291632839768        152.820083180800     
  0.520000000000000     
   29.2837971968552        6.58684862220051        151.484241230024     
  0.520000000000000     
   29.2571038655319        6.66866065822331        152.353470160586     
  -1.04000000000000     
   128.615049820529        101.034520340133        6.30738758931858     
  0.000000000000000E+000
   128.417840605706        100.212583383812        6.75656109958289     
  0.520000000000000     
   127.900273664828        101.620946128193        6.55523536364879     
  0.520000000000000     
   128.498304236469        101.004371952034        6.39661506993666     
  -1.04000000000000     
   152.871008124331        81.7945410427298        4.04786392124315     
  0.000000000000000E+000
   153.615634424567        81.1941975862949        4.01114765492387     
  0.520000000000000     
   152.253451540713        81.4506842662739        3.40240667229837     
  0.520000000000000     
   152.887274644346        81.6736715515937        3.96053714162147     
  -1.04000000000000     
   10.2335828045034        108.940924034528        157.910714118673     
  0.000000000000000E+000
   9.31802040598491        109.184013208794        157.773302966746     
  0.520000000000000     
   10.6340648623001        109.721119957184        158.294298686341     
  0.520000000000000     
   10.1676460502974        109.071917381747        157.942227408392     
  -1.04000000000000     
   26.7403329695552        10.5248959815451        20.4389393935110     
  0.000000000000000E+000
   27.4322779278233        10.8858118751470        20.9931781230963     
  0.520000000000000     
   26.6602906139553        11.1492457664088        19.7178227286428     
  0.520000000000000     
   26.8186641896003        10.6510223655911        20.4175769214241     
  -1.04000000000000     
   30.4641945166331        24.8000404576234        101.342421285183     
  0.000000000000000E+000
   29.6803376814503        24.3376264849563        101.639019425300     
  0.520000000000000     
   30.1570853573623        25.6815374370291        101.130582392411     
  0.520000000000000     
   30.3245371643014        24.8536883471323        101.353271533614     
  -1.04000000000000     
   13.7328560515748        28.4573524097336        156.247183187946     
  0.000000000000000E+000
   14.2263692359440        28.3202943200477        155.438549467522     
  0.520000000000000     
   13.9284675062987        29.3602651597556        156.497609627302     
  0.520000000000000     
   13.8210726623688        28.5553914271519        156.175725643602     
  -1.04000000000000     
   113.199973025235        67.2595655622263        148.629177078554     
  0.000000000000000E+000
   113.712412653374        66.4680460794074        148.793892629526     
  0.520000000000000     
   112.718981637534        67.0707155250224        147.823440381298     
  0.520000000000000     
   113.203998795073        67.1340659479680        148.547118319130     
  -1.04000000000000     
   23.6513790498400        10.8184229255512        18.6707789352536     
  0.000000000000000E+000
   22.7643826233401        10.4892676234212        18.8161157969142     
  0.520000000000000     
   24.1333560863707        10.5651151761287        19.4580285762439     
  0.520000000000000     
   23.5995314799490        10.7438603378769        18.7901617230230     
  -1.04000000000000     
   106.733878714920        43.1083176364983        22.9399890302883     
  0.000000000000000E+000
   107.458391412603        43.6460486342258        22.6203714433517     
  0.520000000000000     
   106.191618045500        43.7128763768589        23.4466356258113     
  0.520000000000000     
   106.757209264042        43.2545450727595        22.9639310929017     
  -1.04000000000000     
   48.3842022083122        36.7457809033670        10.2075091039912     
  0.000000000000000E+000
   47.7280601469754        36.0491384162588        10.1876214847158     
  0.520000000000000     
   48.0328873541445        37.4229270698314        9.62933990783499     
  0.520000000000000     
   48.2552350671523        36.7432851294060        10.1309503186472     
  -1.04000000000000     
   101.942204095713        115.838665877632        61.1912303462299     
  0.000000000000000E+000
   102.390606893494        115.406063015857        61.9178790728000     
  0.520000000000000     
   101.011321126995        115.742869518360        61.3924979119241     
  0.520000000000000     
   101.880440572772        115.771024139429        61.3100152884019     
  -1.04000000000000     
   54.4909172726809        17.2450024563773        109.371023582495     
  0.000000000000000E+000
   54.2968165002948        17.7387801172247        108.574319629506     
  0.520000000000000     
   55.3187410707584        17.6098442555172        109.683796499860     
  0.520000000000000     
   54.5720417809874        17.3549165334903        109.309074330649     
  -1.04000000000000     
   19.4884274047323        14.9163449744281        27.1512281762715     
  0.000000000000000E+000
   18.8982080045647        14.1814734927396        26.9843940012150     
  0.520000000000000     
   19.1244464513188        15.3454838228676        27.9255578161619     
  0.520000000000000     
   19.3662777725231        14.8772073566671        27.2289952273103     
  -1.04000000000000     
   92.6123463661498        54.4438108474272        24.0603760178515     
  0.000000000000000E+000
   93.5032367271952        54.3898702214593        23.7144953298011     
  0.520000000000000     
   92.0904631282387        54.7736145149194        23.3288733836830     
  0.520000000000000     
   92.6595839134892        54.4791247822162        23.9224574181955     
  -1.04000000000000     
   5.51817245201716        6.77911459749271        28.2265160608509     
  0.000000000000000E+000
   4.83130392166353        7.42850515312228        28.0757440303876     
  0.520000000000000     
   5.12909845429786        5.94955207050284        27.9496115375723     
  0.520000000000000     
   5.38043829211171        6.75605032178419        28.1717680893710     
  -1.04000000000000     
   102.864887155554        50.6278513236426        84.7921019129942     
  0.000000000000000E+000
   103.559873256819        49.9750211978253        84.8759817244772     
  0.520000000000000     
   102.361974326276        50.5484894862460        85.6026628680203     
  0.520000000000000     
   102.889474947250        50.5341215543360        84.9066015673399     
  -1.04000000000000     
   15.3235815453963        28.6543062053570        28.2209121834487     
  0.000000000000000E+000
   15.2665882493587        28.3650426419298        27.3102492205580     
  0.520000000000000     
   15.9153116208744        29.4063200914088        28.1972624507047     
  0.520000000000000     
   15.3920345706883        28.7135440598602        28.1013084212913     
  -1.04000000000000     
   110.809057569812        156.629631559613        38.7923908434625     
  0.000000000000000E+000
   110.064245779099        156.227027775201        39.2389266943087     
  0.520000000000000     
   111.538212645822        156.530181366131        39.4044947652329     
  0.520000000000000     
   110.807053313646        156.565362343490        38.9279100333073     
  -1.04000000000000     
   94.3178411010029        2.44781056516608        131.536463122349     
  0.000000000000000E+000
   94.7625263915537        1.95641136573468        130.845803657732     
  0.520000000000000     
   94.9548345706577        3.10808439905639        131.809421838636     
  0.520000000000000     
   94.4563095706817        2.46942863983051        131.482992179281     
  -1.04000000000000     
   123.851867773368        97.7453048938679        63.9220615051565     
  0.000000000000000E+000
   123.774874715206        97.0603114600744        64.5862036146143     
  0.520000000000000     
   124.743156438101        97.6538770034041        63.5852022855044     
  0.520000000000000     
   123.956107840435        97.6459132107253        63.9639578264776     
  -1.04000000000000     
   26.9357214474033        11.5046267190809        17.6816176324708     
  0.000000000000000E+000
   25.9870821794490        11.4809140066437        17.5561189334162     
  0.520000000000000     
   27.2750242804710        10.8502973133594        17.0709169748808     
  0.520000000000000     
   26.8577187290707        11.4178288101879        17.5873748664636     
  -1.04000000000000     
   8.66862125103062       0.377532977686779        27.6960949908581     
  0.000000000000000E+000
   9.47779209411398       0.412334928223550        27.1859381053381     
  0.520000000000000     
   8.88270229226552       0.822171228656386        28.5162747336337     
  0.520000000000000     
   8.79961034662031       0.438907346350845        27.7357818111864     
  -1.04000000000000     
   73.7768609925923        33.4940925780139        71.9185350070108     
  0.000000000000000E+000
   73.8435981560416        33.1214346970586        72.7976828510487     
  0.520000000000000     
   72.8360816172746        33.5848694921380        71.7671335679869     
  0.520000000000000     
   73.6649726094935        33.4580082731864        72.0116956890208     
  -1.04000000000000     
   101.483611478845        72.9137150383351        33.9245110839503     
  0.000000000000000E+000
   101.263741256634        73.4504780433377        33.1630839772973     
  0.520000000000000     
   102.439648262072        72.8671283455005        33.9172981740590     
  0.520000000000000     
   101.577850046600        72.9764637640341        33.8261155059466     
  -1.04000000000000     
   46.3551772755914        76.6201624561703        28.0771321793730     
  0.000000000000000E+000
   46.7623554691109        76.6963293373045        27.2142108609203     
  0.520000000000000     
   47.0911024104407        76.5317116728466        28.6827882960983     
  0.520000000000000     
   46.5015088616291        76.6185899623758        28.0441990017094     
  -1.04000000000000     
   64.5312291066910        150.556412089581        141.578155709469     
  0.000000000000000E+000
   65.0626199630725        150.258178163429        142.316335199799     
  0.520000000000000     
   63.8761363659486        149.868470596856        141.460602825567     
  0.520000000000000     
   64.5153937115124        150.430169247334        141.657603711589     
  -1.04000000000000     
   70.0185428331972        139.450226661532        26.5786071368699     
  0.000000000000000E+000
   69.7161968058993        139.380240116318        25.6731142102462     
  0.520000000000000     
   70.9185765010490        139.768141613217        26.5072057564176     
  0.520000000000000     
   70.0950543595192        139.481964612111        26.4535523935252     
  -1.04000000000000     
   7.98106039774093        7.13809671878539        27.1166133757284     
  0.000000000000000E+000
   8.32937495811023        8.02611673554479        27.0370766309538     
  0.520000000000000     
   7.07527838342769        7.26016588018223        27.4010193167404     
  0.520000000000000     
   7.90969756056315        7.26740082263207        27.1428392064752     
  -1.04000000000000     
   115.888482239953        31.6858048928073        106.755761533393     
  0.000000000000000E+000
   115.213475836936        31.1830579301843        107.211656833171     
  0.520000000000000     
   116.474518338750        31.0236037995669        106.389319068716     
  0.520000000000000     
   115.877092923341        31.5366769072307        106.767212620019     
  -1.04000000000000     
   139.979847015829        138.709215099099        104.752919840562     
  0.000000000000000E+000
   139.566345811596        139.066480375829        105.538799572481     
  0.520000000000000     
   140.053480645937        137.770682421788        104.926018595723     
  0.520000000000000     
   139.936339696823        138.634805569769        104.875681133883     
  -1.04000000000000     
   46.1716566852603        11.2116091766011        136.387355175664     
  0.000000000000000E+000
   46.9299587516603        11.3000520983943        136.964749757020     
  0.520000000000000     
   46.3510058858164        11.8102027412054        135.662270156116     
  0.520000000000000     
   46.2916878264866        11.2995584776176        136.368448944244     
  -1.04000000000000     
   31.1105298348322        102.670541184856        144.991335978642     
  0.000000000000000E+000
   31.8900495023241        103.032355348605        144.569828830657     
  0.520000000000000     
   30.4036506722980        103.264549207720        144.738937493608     
  0.520000000000000     
   31.1198287319987        102.792898432067        144.905067591812     
  -1.04000000000000     
   98.4412279823899        29.3821032385776        94.3305894225434     
  0.000000000000000E+000
   99.2928553808570        29.2105749305292        94.7325066909185     
  0.520000000000000     
   97.9569964552955        28.5631220256081        94.4355574075256     
  0.520000000000000     
   98.4882592692623        29.2553055768101        94.3954771026176     
  -1.04000000000000     
   34.0958850183775        25.7190714216512        96.4900190564527     
  0.000000000000000E+000
   33.5224091906463        24.9808544080061        96.6959068721988     
  0.520000000000000     
   33.8316403923738        25.9903470770176        95.6109212386113     
  0.520000000000000     
   33.9886462766042        25.6592970619348        96.4038397191195     
  -1.04000000000000     
   145.538792251235        47.4113595597572        140.588269675138     
  0.000000000000000E+000
   145.666091835637        48.2281603651493        141.070825306151     
  0.520000000000000     
   144.778794872501        47.0034031779069        141.003244676464     
  0.520000000000000     
   145.457798985421        47.4636967819967        140.703164871126     
  -1.04000000000000     
   147.187194707150        98.1092404983916        79.6720810579929     
  0.000000000000000E+000
   147.277686474352        99.0061136269956        79.9940414719524     
  0.520000000000000     
   147.681034259920        97.5788117691569        80.2973782163284     
  0.520000000000000     
   147.261996456652        98.1561499848952        79.7933419269799     
  -1.04000000000000     
